0.0 500.0 500.0 3.3 500.0 500.0 500.0 500.0 500.0 500.0
500.0 0.0 500.0 500.0 500.0 500.0 500.0 500.0 3.3 500.0
500.0 500.0 0.0 500.0 500.0 500.0 500.0 3.3 500.0 500.0
500.0 500.0 500.0 0.0 500.0 500.0 3.3 500.0 500.0 500.0
500.0 500.0 500.0 500.0 0.0 500.0 500.0 500.0 500.0 3.3
500.0 500.0 3.3 500.0 500.0 0.0 500.0 500.0 500.0 500.0
500.0 3.3 500.0 500.0 500.0 500.0 0.0 500.0 500.0 500.0
500.0 500.0 500.0 500.0 3.3 500.0 500.0 0.0 500.0 500.0
500.0 500.0 500.0 500.0 500.0 3.3 500.0 500.0 0.0 500.0
3.3 500.0 500.0 500.0 500.0 500.0 500.0 500.0 500.0 0.0
